0  0
1  0.834078
2  0.921866
3  0.141185
4  -0.769806
5  -0.982306
6  -0.27408
7  0.654311
8  0.996544
9  0.407813
10  -0.546028
11  -1.00929
12  -0.54265
13  0.419054
14  0.970712
15  0.657946
16  -0.286405
17  -0.954093
18  -0.752909
19  0.147291
20  0.908149
21  0.830054
22  -0.00893775
23  -0.849205
24  -0.894601
25  -0.134731
26  0.767546
27  0.956667
28  0.269791
29  -0.669627
30  -0.977532
31  -0.407231
32  0.556435
33  1.00895
34  0.529182
35  -0.429203
36  -0.984727
37  -0.652388
38  0.297871
39  0.968855
40  0.724909
41  -0.159069
42  -0.920449
43  -0.840193
44  0.0176958
45  0.853466
46  0.893712
47  0.124167
48  -0.766801
49  -0.944884
50  -0.267528
51  0.672781
52  0.98196
53  0.398131
54  -0.555381
55  -0.990314
56  -0.519172
57  0.441888
58  0.986578
59  0.638991
60  -0.299303
61  -0.959117
62  -0.740923
63  0.166088
64  0.925539
65  0.8184
66  -0.0268828
67  -0.861211
68  -0.891505
69  -0.114698
70  0.759924
71  0.959205
72  0.252374
73  -0.667871
74  -0.987398
75  -0.393895
76  0.566114
77  0.992932
78  0.509568
79  -0.451042
80  -0.984981
81  -0.621063
82  0.318353
83  0.958554
84  0.751356
85  -0.179081
86  -0.91538
87  -0.820361
88  0.0360256
89  0.867323
90  0.881542
91  0.105865
92  -0.768815
93  -0.953698
94  -0.248097
95  0.684502
96  1.00145
97  0.381708
98  -0.566782
99  -1.00088
