0  0 0 0.110979
1  0.0998334 0 0.0912141
2  0.198669 0 0.113822
3  0.29552 0 0.100459
4  0.389418 0 0.117182
5  0.479426 0 0.124383
6  0.564642 0 0.080904
7  0.644218 0 0.0959282
8  0.717356 0 0.107263
9  0.783327 0 0.0895523
10  0.841471 0 0.10369
11  0.891207 0 0.109302
12  0.932039 0 0.111325
13  0.963558 0 0.0973516
14  0.98545 0 0.0799159
15  0.997495 0 0.111777
16  0.999574 0 0.0947944
17  0.991665 0 0.092402
18  0.973848 0 0.102559
19  0.9463 0 0.0827427
20  0.909297 0 0.0947464
21  0.863209 0 0.09211
22  0.808496 0 0.109766
23  0.745705 0 0.103527
24  0.675463 0 0.0878778
25  0.598472 0 0.117976
26  0.515501 0 0.106541
27  0.42738 0 0.100304
28  0.334988 0 0.0958854
29  0.239249 0 0.109031
30  0.14112 0 0.0893736
31  0.0415807 0 0.107903
32  -0.0583741 0 0.109083
33  -0.157746 0 0.10904
34  -0.255541 0 0.100187
35  -0.350783 0 0.102382
36  -0.44252 0 0.0928897
37  -0.529836 0 0.113753
38  -0.611858 0 0.10507
39  -0.687766 0 0.10525
40  -0.756802 0 0.0728842
41  -0.818277 0 0.102817
42  -0.871576 0 0.104285
43  -0.916166 0 0.110121
44  -0.951602 0 0.0996539
45  -0.97753 0 0.103012
46  -0.993691 0 0.091044
47  -0.999923 0 0.104809
48  -0.996165 0 0.0981078
49  -0.982453 0 0.0907016
50  -0.958924 0 0.119639
51  -0.925815 0 0.103807
52  -0.883455 0 0.0952689
53  -0.832267 0 0.105573
54  -0.772764 0 0.0939012
55  -0.70554 0 0.090557
56  -0.631267 0 0.0954381
57  -0.550686 0 0.113122
58  -0.464602 0 0.0936601
59  -0.373877 0 0.103539
60  -0.279415 0 0.0819301
61  -0.182163 0 0.0927539
62  -0.0830894 0 0.102357
63  0.0168139 0 0.0924241
64  0.116549 0 0.105992
65  0.21512 0 0.0898063
66  0.311541 0 0.112492
67  0.40485 0 0.106653
68  0.494113 0 0.0928473
69  0.57844 0 0.0992446
70  0.656987 0 0.0819526
71  0.728969 0 0.108569
72  0.793668 0 0.0942906
73  0.850437 0 0.0868483
74  0.898708 0 0.102286
75  0.938 0 0.115765
76  0.96792 0 0.100011
77  0.988168 0 0.0934085
78  0.998543 0 0.0914184
79  0.998941 0 0.115603
80  0.989358 0 0.0910377
81  0.96989 0 0.0859892
82  0.940731 0 0.116359
83  0.902172 0 0.0898694
84  0.854599 0 0.124777
85  0.798487 0 0.117068
86  0.734397 0 0.0912517
87  0.662969 0 0.0982278
88  0.584917 0 0.117722
89  0.501021 0 0.108434
90  0.412118 0 0.0860689
91  0.319098 0 0.0988399
92  0.22289 0 0.0863353
93  0.124454 0 0.105711
94  0.0247754 0 0.111602
95  -0.0751511 0 0.101815
96  -0.174327 0 0.118158
97  -0.271761 0 0.105532
98  -0.366479 0 0.0884896
99  -0.457536 0 0.101673
